100
50 1
66 1
83 1
78 1
5 1
94 1
58 1
32 1
100 1
38 1
40 1
47 1
12 1
22 1
48 1
55 1
77 1
73 1
60 1
98 1
17 1
11 1
62 1
71 1
16 1
37 1
41 1
89 1
61 1
43 1
10 1
97 1
79 1
93 1
36 1
20 1
99 1
9 1
52 1
2 1
76 1
3 1
75 1
57 1
63 1
85 1
53 1
87 1
44 1
67 1
95 1
54 1
7 1
34 1
1 1
27 1
91 1
19 1
31 1
42 1
28 1
69 1
64 1
35 1
39 1
46 1
82 1
6 1
65 1
13 1
88 1
4 1
30 1
96 1
86 1
72 1
15 1
59 1
68 1
26 1
8 1
29 1
74 1
80 1
23 1
90 1
21 1
24 1
81 1
45 1
56 1
70 1
49 1
18 1
25 1
33 1
14 1
92 1
51 1
84 1
50
14 87
71 48
83 18
66 90
63 45
73 82
61 56
35 64
6 34
23 29
10 26
39 99
25 77
54 96
92 62
8 59
40 55
19 78
80 95
98 57
97 70
1 93
74 51
52 47
94 21
41 43
36 58
84 33
91 16
13 22
7 44
60 27
2 69
9 37
79 50
20 32
86 28
76 24
49 30
11 65
31 38
100 3
68 5
15 12
88 85
72 42
75 46
4 17
67 89
81 53
