100
96 1
63 1
93 1
28 1
79 1
73 1
85 1
87 1
60 1
81 1
67 1
19 1
59 1
12 1
39 1
75 1
15 1
45 1
84 1
14 1
18 1
40 1
9 1
17 1
46 1
61 1
80 1
49 1
57 1
95 1
48 1
72 1
56 1
89 1
43 1
86 1
97 1
88 1
64 1
62 1
69 1
52 1
13 1
3 1
27 1
91 1
2 1
33 1
65 1
38 1
92 1
76 1
30 1
35 1
11 1
22 1
24 1
50 1
53 1
29 1
94 1
70 1
78 1
44 1
36 1
58 1
21 1
23 1
42 1
83 1
10 1
16 1
90 1
100 1
74 1
5 1
77 1
25 1
55 1
71 1
1 1
51 1
6 1
37 1
47 1
32 1
68 1
34 1
82 1
7 1
8 1
31 1
20 1
99 1
4 1
98 1
26 1
66 1
41 1
54 1
196
58 32
70 82
39 82
57 82
17 82
58 44
20 82
58 33
65 82
58 17
58 51
35 82
58 22
75 82
47 82
19 82
58 76
58 15
49 82
10 82
58 90
58 74
60 82
58 12
58 59
2 82
72 82
86 82
63 82
38 82
67 82
37 82
58 50
83 82
58 61
58 80
84 82
58 28
58 92
58 25
98 82
79 82
78 82
61 82
96 82
58 60
58 40
94 82
58 1
58 10
4 82
7 82
36 82
58 95
58 26
52 82
44 82
58 19
21 82
58 56
26 82
58 89
58 93
58 36
58 6
48 82
58 72
58 38
14 82
58 79
58 48
58 100
58 54
66 82
58 68
5 82
58 20
58 23
58 81
59 82
28 82
58 55
43 82
46 82
58 77
71 82
58 29
58 91
58 42
3 82
58 5
80 82
11 82
54 82
85 82
23 82
29 82
16 82
97 82
58 30
58 94
100 82
32 82
58 98
58 8
58 64
58 66
58 16
42 82
64 82
58 9
58 4
58 78
50 82
41 82
88 82
58 63
58 47
92 82
58 45
91 82
58 18
90 82
77 82
58 97
62 82
73 82
76 82
45 82
58 73
18 82
58 37
58 87
58 13
58 83
74 82
58 86
58 2
58 70
58 3
58 7
58 39
58 57
81 82
24 82
58 75
1 82
15 82
93 82
58 52
58 84
8 82
58 62
34 82
58 24
58 34
12 82
9 82
22 82
53 82
30 82
58 35
58 43
58 53
58 49
58 88
89 82
56 82
58 71
58 11
40 82
25 82
58 46
27 82
99 82
58 96
68 82
69 82
58 65
51 82
58 31
58 85
31 82
6 82
58 69
87 82
13 82
58 27
58 41
95 82
33 82
58 21
55 82
58 99
58 67
58 14
