1000
691 1
623 1
82 1
993 1
8 1
540 1
84 1
3 1
158 1
548 1
529 1
550 1
852 1
155 1
359 1
941 1
83 1
480 1
767 1
672 1
924 1
491 1
765 1
512 1
653 1
133 1
878 1
505 1
255 1
499 1
891 1
65 1
748 1
757 1
770 1
881 1
945 1
835 1
371 1
353 1
754 1
591 1
728 1
819 1
912 1
812 1
652 1
561 1
373 1
939 1
78 1
576 1
298 1
558 1
110 1
258 1
30 1
871 1
358 1
168 1
986 1
86 1
662 1
334 1
73 1
978 1
389 1
774 1
223 1
326 1
195 1
603 1
982 1
963 1
94 1
486 1
729 1
383 1
739 1
482 1
181 1
905 1
31 1
47 1
578 1
170 1
492 1
882 1
570 1
657 1
498 1
743 1
128 1
678 1
179 1
347 1
648 1
679 1
32 1
884 1
457 1
109 1
357 1
173 1
715 1
738 1
123 1
694 1
42 1
327 1
500 1
670 1
582 1
339 1
668 1
642 1
875 1
800 1
283 1
778 1
245 1
368 1
199 1
406 1
580 1
56 1
182 1
604 1
49 1
420 1
654 1
559 1
50 1
449 1
879 1
927 1
34 1
329 1
645 1
863 1
48 1
638 1
281 1
725 1
285 1
656 1
11 1
360 1
789 1
873 1
54 1
649 1
20 1
552 1
384 1
788 1
478 1
901 1
706 1
503 1
587 1
810 1
349 1
278 1
70 1
624 1
567 1
747 1
434 1
221 1
443 1
92 1
388 1
294 1
988 1
543 1
948 1
804 1
704 1
569 1
794 1
193 1
29 1
525 1
197 1
427 1
160 1
911 1
942 1
146 1
409 1
436 1
897 1
960 1
62 1
844 1
577 1
865 1
208 1
63 1
614 1
555 1
322 1
442 1
516 1
287 1
566 1
264 1
216 1
323 1
518 1
131 1
564 1
315 1
305 1
265 1
826 1
122 1
633 1
622 1
731 1
903 1
463 1
331 1
929 1
864 1
237 1
593 1
711 1
142 1
920 1
626 1
372 1
419 1
589 1
180 1
6 1
926 1
271 1
545 1
242 1
646 1
643 1
316 1
22 1
688 1
475 1
190 1
111 1
773 1
907 1
695 1
744 1
913 1
785 1
621 1
572 1
57 1
124 1
869 1
605 1
916 1
887 1
763 1
962 1
970 1
95 1
599 1
241 1
583 1
885 1
127 1
713 1
961 1
520 1
108 1
330 1
102 1
369 1
742 1
12 1
596 1
186 1
980 1
267 1
44 1
951 1
28 1
145 1
522 1
703 1
444 1
799 1
822 1
473 1
268 1
1000 1
995 1
161 1
816 1
277 1
106 1
985 1
877 1
893 1
261 1
535 1
74 1
994 1
560 1
252 1
454 1
143 1
921 1
530 1
590 1
700 1
848 1
355 1
938 1
53 1
79 1
490 1
609 1
917 1
629 1
399 1
203 1
43 1
429 1
507 1
46 1
270 1
412 1
411 1
616 1
194 1
532 1
553 1
464 1
751 1
790 1
453 1
27 1
246 1
932 1
940 1
307 1
573 1
896 1
716 1
959 1
806 1
253 1
433 1
829 1
177 1
188 1
976 1
343 1
312 1
404 1
243 1
777 1
632 1
813 1
314 1
698 1
249 1
964 1
89 1
375 1
17 1
192 1
167 1
618 1
251 1
909 1
276 1
88 1
292 1
515 1
983 1
154 1
902 1
402 1
423 1
200 1
484 1
667 1
391 1
81 1
98 1
727 1
683 1
80 1
894 1
539 1
290 1
541 1
686 1
459 1
954 1
984 1
719 1
274 1
636 1
333 1
853 1
66 1
597 1
996 1
456 1
455 1
883 1
171 1
273 1
805 1
466 1
470 1
284 1
776 1
451 1
75 1
793 1
584 1
176 1
144 1
811 1
226 1
906 1
815 1
386 1
546 1
533 1
841 1
425 1
2 1
263 1
974 1
968 1
690 1
836 1
536 1
424 1
676 1
946 1
446 1
69 1
562 1
325 1
635 1
479 1
641 1
977 1
895 1
51 1
311 1
19 1
345 1
210 1
321 1
493 1
119 1
514 1
222 1
509 1
413 1
838 1
385 1
187 1
571 1
134 1
631 1
104 1
802 1
346 1
979 1
931 1
299 1
705 1
892 1
396 1
198 1
775 1
601 1
827 1
504 1
953 1
118 1
639 1
379 1
934 1
140 1
637 1
759 1
240 1
381 1
205 1
148 1
217 1
103 1
647 1
910 1
211 1
818 1
26 1
965 1
740 1
97 1
563 1
374 1
949 1
585 1
880 1
831 1
606 1
157 1
661 1
666 1
914 1
85 1
185 1
213 1
720 1
787 1
684 1
71 1
797 1
736 1
966 1
472 1
275 1
521 1
129 1
613 1
257 1
377 1
663 1
708 1
352 1
817 1
112 1
300 1
52 1
462 1
872 1
992 1
438 1
426 1
592 1
506 1
847 1
615 1
468 1
159 1
717 1
575 1
850 1
233 1
685 1
659 1
523 1
348 1
925 1
519 1
534 1
833 1
762 1
628 1
37 1
734 1
382 1
987 1
297 1
90 1
510 1
998 1
116 1
890 1
801 1
432 1
437 1
403 1
868 1
465 1
286 1
699 1
750 1
238 1
602 1
617 1
598 1
59 1
317 1
191 1
401 1
476 1
458 1
795 1
749 1
132 1
718 1
114 1
67 1
487 1
448 1
517 1
712 1
138 1
845 1
627 1
100 1
5 1
77 1
36 1
862 1
981 1
147 1
175 1
834 1
547 1
13 1
779 1
707 1
93 1
156 1
450 1
101 1
232 1
682 1
289 1
24 1
673 1
201 1
922 1
889 1
501 1
291 1
671 1
214 1
481 1
766 1
279 1
723 1
990 1
431 1
139 1
581 1
808 1
930 1
867 1
497 1
956 1
825 1
236 1
220 1
782 1
137 1
513 1
568 1
310 1
235 1
693 1
244 1
665 1
483 1
380 1
318 1
915 1
364 1
870 1
944 1
163 1
918 1
975 1
266 1
447 1
416 1
228 1
588 1
488 1
21 1
184 1
405 1
489 1
828 1
328 1
899 1
121 1
586 1
254 1
549 1
859 1
764 1
336 1
341 1
874 1
387 1
234 1
681 1
38 1
837 1
10 1
710 1
620 1
408 1
664 1
430 1
398 1
908 1
651 1
58 1
634 1
675 1
792 1
856 1
952 1
230 1
644 1
23 1
771 1
354 1
900 1
174 1
256 1
726 1
957 1
302 1
319 1
60 1
461 1
239 1
272 1
320 1
709 1
824 1
485 1
594 1
658 1
730 1
737 1
394 1
755 1
851 1
39 1
260 1
866 1
9 1
189 1
531 1
783 1
947 1
840 1
212 1
99 1
973 1
933 1
860 1
367 1
91 1
849 1
351 1
803 1
64 1
991 1
224 1
526 1
183 1
390 1
342 1
809 1
41 1
733 1
687 1
511 1
165 1
958 1
760 1
791 1
407 1
61 1
565 1
115 1
422 1
937 1
130 1
680 1
350 1
361 1
796 1
202 1
753 1
610 1
758 1
714 1
807 1
296 1
248 1
611 1
823 1
524 1
35 1
923 1
669 1
280 1
414 1
107 1
397 1
365 1
735 1
72 1
886 1
460 1
362 1
630 1
309 1
207 1
196 1
495 1
247 1
16 1
814 1
96 1
732 1
477 1
452 1
392 1
821 1
76 1
471 1
660 1
250 1
141 1
528 1
935 1
135 1
162 1
370 1
936 1
229 1
153 1
832 1
166 1
105 1
746 1
215 1
332 1
25 1
997 1
999 1
87 1
113 1
136 1
697 1
395 1
178 1
898 1
435 1
393 1
579 1
204 1
340 1
689 1
376 1
421 1
55 1
655 1
262 1
410 1
227 1
219 1
919 1
308 1
149 1
293 1
496 1
640 1
400 1
538 1
259 1
1 1
554 1
756 1
225 1
619 1
4 1
301 1
839 1
696 1
206 1
295 1
440 1
846 1
972 1
209 1
125 1
40 1
857 1
14 1
474 1
126 1
282 1
218 1
861 1
551 1
556 1
441 1
150 1
415 1
120 1
574 1
904 1
943 1
557 1
650 1
303 1
356 1
798 1
674 1
169 1
417 1
288 1
324 1
607 1
306 1
337 1
152 1
745 1
7 1
989 1
677 1
858 1
338 1
45 1
68 1
164 1
612 1
527 1
335 1
172 1
955 1
428 1
854 1
595 1
969 1
855 1
752 1
741 1
721 1
772 1
363 1
467 1
439 1
724 1
494 1
269 1
151 1
781 1
600 1
692 1
971 1
508 1
625 1
843 1
544 1
117 1
722 1
418 1
820 1
842 1
231 1
445 1
378 1
876 1
366 1
769 1
15 1
608 1
786 1
18 1
304 1
780 1
701 1
761 1
702 1
344 1
888 1
967 1
469 1
950 1
313 1
33 1
542 1
502 1
830 1
768 1
784 1
928 1
537 1
500
824 267
517 261
482 31
541 763
590 227
259 107
979 925
636 314
342 149
262 670
884 744
475 502
938 800
846 929
593 411
970 44
988 263
719 841
725 104
413 414
710 809
62 522
904 501
302 845
613 756
955 645
177 753
870 191
35 977
362 584
100 415
654 942
128 72
816 326
99 83
815 790
441 989
520 666
662 817
284 478
290 534
822 978
857 357
137 993
975 117
10 622
527 395
421 119
311 377
203 462
839 279
315 11
628 134
296 285
971 436
707 781
673 914
983 624
982 917
833 369
266 946
438 882
879 327
926 215
948 341
125 861
334 335
131 25
559 762
43 394
164 301
916 152
440 757
407 452
843 516
91 653
895 962
20 640
525 405
443 38
887 8
549 583
913 222
827 423
56 537
420 990
448 973
124 685
966 176
427 620
162 772
799 821
156 526
238 565
567 435
332 935
731 594
552 28
316 235
294 829
825 221
195 782
232 964
47 712
621 568
877 820
963 331
312 343
430 885
550 437
86 921
814 402
765 200
410 32
999 136
207 783
862 328
543 249
473 26
46 429
933 899
141 84
282 945
771 697
657 872
412 298
461 896
426 270
178 764
236 95
878 491
237 614
169 355
545 457
155 78
361 458
546 732
497 733
941 416
109 773
189 16
194 352
909 875
142 495
589 601
278 629
89 180
57 183
610 659
21 804
819 71
672 260
33 168
265 274
792 635
627 14
891 499
759 694
665 363
551 42
531 508
447 37
419 586
741 77
863 114
308 65
337 182
695 264
734 239
991 513
724 689
980 255
175 574
607 678
97 503
208 439
823 366
490 967
45 188
68 250
159 481
796 273
729 888
779 496
88 36
677 216
406 417
389 667
894 611
675 325
969 922
696 940
205 382
54 915
288 344
704 749
179 291
381 639
599 101
585 652
233 39
961 1
661 167
944 409
113 649
93 272
880 1000
466 170
828 391
64 408
641 524
743 860
960 268
726 29
848 224
85 197
691 514
713 258
275 566
748 198
433 470
668 492
75 626
903 143
723 40
602 212
338 751
795 34
318 553
807 468
609 229
333 957
994 400
422 485
787 535
374 596
365 474
187 556
540 625
127 81
112 805
669 595
591 486
118 293
918 319
512 49
844 777
428 313
838 299
445 387
572 774
788 98
785 866
51 615
700 560
12 693
631 701
806 644
651 225
253 92
580 637
688 110
509 79
346 479
907 202
358 471
974 538
450 48
226 140
570 612
403 489
900 623
718 287
320 786
869 306
633 721
865 372
754 889
220 256
401 561
108 664
684 769
706 886
126 867
547 58
858 193
802 563
920 634
687 487
812 528
791 600
63 519
740 90
172 761
218 690
835 939
146 868
711 251
658 959
603 557
157 826
504 378
404 383
515 135
646 931
5 930
61 303
122 760
981 373
380 852
883 339
231 873
709 330
679 910
768 184
60 375
353 418
257 472
106 742
995 638
577 467
998 752
148 15
755 505
317 588
997 19
434 240
133 129
280 949
573 498
893 954
151 321
737 801
923 206
213 511
376 592
937 674
53 575
617 905
431 82
209 847
569 985
174 876
24 776
211 608
767 69
446 715
469 703
506 542
507 849
778 728
650 797
76 738
230 834
493 758
190 289
770 67
598 247
309 4
130 234
347 50
698 150
898 746
379 533
604 853
300 432
73 618
832 562
244 214
153 459
277 138
367 992
386 597
714 219
656 663
204 908
705 736
951 722
936 605
248 750
201 536
393 510
996 356
901 295
27 304
739 228
292 171
181 425
716 780
165 449
483 856
370 74
199 818
484 185
854 837
397 305
987 360
351 105
368 855
902 897
735 730
241 269
111 30
934 927
720 243
794 324
192 859
578 850
488 160
245 683
340 223
919 529
345 121
465 660
246 775
196 965
840 836
166 2
544 480
477 460
555 953
154 906
9 518
943 186
789 163
115 390
798 892
874 348
548 766
286 329
7 17
66 455
968 950
579 784
283 523
281 147
52 558
911 464
323 686
717 947
242 139
643 23
747 881
582 647
41 793
399 632
217 655
276 808
956 463
116 454
310 132
3 392
396 322
530 811
630 972
912 349
384 842
87 22
350 456
336 554
692 354
830 424
500 619
587 145
924 210
681 161
94 932
616 803
6 398
442 864
986 984
532 831
564 96
494 648
55 102
476 581
708 539
682 606
976 810
444 307
576 371
80 642
813 271
702 571
521 254
928 958
173 699
13 745
388 123
680 871
890 252
70 451
385 158
120 364
59 103
359 676
671 952
727 144
18 453
297 851
