1000
961 1
649 1
804 1
746 1
41 1
575 1
972 1
181 1
588 1
223 1
158 1
899 1
826 1
602 1
406 1
186 1
809 1
464 1
307 1
764 1
549 1
923 1
329 1
653 1
565 1
802 1
991 1
601 1
159 1
678 1
380 1
864 1
819 1
17 1
415 1
97 1
387 1
235 1
134 1
957 1
258 1
184 1
318 1
382 1
628 1
766 1
833 1
493 1
166 1
448 1
824 1
688 1
811 1
282 1
30 1
769 1
873 1
355 1
48 1
882 1
949 1
886 1
102 1
338 1
308 1
931 1
518 1
669 1
521 1
771 1
995 1
198 1
987 1
227 1
456 1
430 1
74 1
891 1
825 1
366 1
331 1
690 1
291 1
333 1
262 1
64 1
276 1
689 1
214 1
664 1
561 1
46 1
609 1
578 1
759 1
426 1
865 1
104 1
927 1
973 1
853 1
357 1
941 1
157 1
735 1
520 1
111 1
587 1
997 1
803 1
948 1
445 1
778 1
374 1
442 1
942 1
605 1
952 1
44 1
530 1
39 1
21 1
83 1
895 1
172 1
61 1
637 1
896 1
534 1
449 1
330 1
127 1
733 1
526 1
898 1
150 1
990 1
376 1
815 1
425 1
423 1
981 1
777 1
693 1
989 1
14 1
136 1
810 1
142 1
98 1
359 1
730 1
707 1
226 1
519 1
462 1
63 1
731 1
546 1
569 1
677 1
528 1
411 1
633 1
266 1
914 1
984 1
452 1
604 1
878 1
70 1
594 1
84 1
75 1
737 1
884 1
917 1
33 1
510 1
257 1
860 1
8 1
620 1
892 1
727 1
57 1
237 1
694 1
284 1
332 1
109 1
687 1
340 1
50 1
902 1
477 1
372 1
190 1
52 1
901 1
640 1
868 1
909 1
230 1
375 1
271 1
979 1
761 1
461 1
140 1
337 1
897 1
122 1
603 1
246 1
924 1
862 1
285 1
770 1
131 1
437 1
743 1
744 1
968 1
272 1
799 1
203 1
782 1
555 1
232 1
400 1
229 1
806 1
10 1
67 1
113 1
933 1
866 1
108 1
734 1
11 1
512 1
279 1
200 1
431 1
263 1
986 1
772 1
675 1
27 1
495 1
1000 1
582 1
439 1
85 1
943 1
509 1
800 1
857 1
316 1
698 1
967 1
783 1
73 1
211 1
722 1
988 1
294 1
494 1
615 1
314 1
720 1
740 1
622 1
888 1
31 1
644 1
835 1
908 1
444 1
503 1
542 1
370 1
315 1
955 1
958 1
292 1
586 1
753 1
269 1
982 1
685 1
818 1
112 1
856 1
768 1
438 1
348 1
630 1
188 1
126 1
367 1
394 1
626 1
373 1
621 1
202 1
560 1
758 1
234 1
18 1
845 1
206 1
547 1
34 1
25 1
983 1
632 1
336 1
745 1
928 1
935 1
474 1
153 1
732 1
264 1
100 1
751 1
760 1
718 1
352 1
797 1
484 1
47 1
700 1
6 1
397 1
313 1
224 1
254 1
195 1
361 1
571 1
118 1
851 1
40 1
550 1
408 1
179 1
472 1
274 1
757 1
154 1
889 1
125 1
540 1
584 1
328 1
876 1
19 1
773 1
298 1
505 1
475 1
963 1
2 1
708 1
790 1
843 1
473 1
930 1
696 1
320 1
467 1
253 1
96 1
619 1
281 1
867 1
618 1
854 1
101 1
894 1
68 1
463 1
911 1
255 1
668 1
210 1
877 1
346 1
543 1
110 1
647 1
985 1
76 1
971 1
847 1
429 1
595 1
863 1
837 1
265 1
58 1
369 1
980 1
875 1
939 1
351 1
55 1
508 1
414 1
243 1
77 1
236 1
99 1
293 1
646 1
536 1
349 1
904 1
925 1
241 1
742 1
893 1
801 1
714 1
563 1
80 1
185 1
704 1
72 1
189 1
671 1
607 1
350 1
339 1
208 1
754 1
880 1
841 1
222 1
710 1
918 1
424 1
515 1
752 1
787 1
363 1
717 1
691 1
674 1
681 1
103 1
220 1
3 1
852 1
659 1
5 1
779 1
435 1
107 1
317 1
297 1
416 1
695 1
215 1
7 1
81 1
844 1
739 1
385 1
135 1
523 1
386 1
267 1
392 1
662 1
532 1
207 1
890 1
838 1
721 1
443 1
239 1
87 1
548 1
182 1
748 1
887 1
611 1
665 1
631 1
151 1
812 1
268 1
362 1
399 1
970 1
138 1
524 1
162 1
762 1
545 1
692 1
498 1
132 1
42 1
94 1
417 1
120 1
180 1
410 1
117 1
672 1
460 1
485 1
20 1
303 1
240 1
334 1
850 1
56 1
589 1
614 1
404 1
583 1
114 1
92 1
716 1
66 1
741 1
600 1
839 1
383 1
610 1
91 1
119 1
305 1
683 1
564 1
401 1
597 1
38 1
566 1
9 1
124 1
436 1
428 1
365 1
554 1
627 1
212 1
827 1
245 1
478 1
16 1
651 1
201 1
71 1
715 1
848 1
686 1
22 1
421 1
191 1
155 1
719 1
870 1
36 1
723 1
128 1
147 1
944 1
702 1
975 1
663 1
713 1
784 1
624 1
749 1
454 1
256 1
846 1
840 1
568 1
926 1
573 1
139 1
395 1
562 1
639 1
544 1
381 1
13 1
514 1
183 1
497 1
725 1
306 1
900 1
24 1
368 1
966 1
538 1
738 1
319 1
149 1
491 1
596 1
288 1
174 1
499 1
585 1
379 1
187 1
283 1
661 1
323 1
920 1
129 1
321 1
299 1
951 1
252 1
360 1
409 1
945 1
954 1
794 1
822 1
378 1
558 1
476 1
286 1
422 1
947 1
335 1
788 1
786 1
645 1
613 1
259 1
537 1
470 1
205 1
116 1
29 1
161 1
976 1
326 1
468 1
358 1
309 1
164 1
705 1
553 1
178 1
728 1
577 1
156 1
921 1
53 1
446 1
388 1
814 1
78 1
682 1
221 1
325 1
145 1
559 1
929 1
354 1
994 1
433 1
599 1
270 1
635 1
277 1
775 1
322 1
93 1
527 1
356 1
623 1
377 1
907 1
143 1
146 1
171 1
43 1
729 1
821 1
666 1
871 1
905 1
301 1
767 1
327 1
412 1
121 1
667 1
192 1
432 1
962 1
447 1
466 1
598 1
511 1
525 1
798 1
90 1
219 1
999 1
420 1
793 1
940 1
137 1
552 1
69 1
86 1
834 1
295 1
535 1
817 1
934 1
455 1
993 1
130 1
457 1
384 1
781 1
885 1
54 1
242 1
556 1
516 1
912 1
160 1
792 1
832 1
486 1
391 1
324 1
831 1
60 1
500 1
216 1
419 1
617 1
634 1
196 1
480 1
541 1
304 1
244 1
434 1
978 1
953 1
231 1
998 1
977 1
144 1
32 1
451 1
168 1
312 1
629 1
82 1
489 1
287 1
606 1
676 1
89 1
209 1
177 1
791 1
65 1
808 1
974 1
657 1
836 1
341 1
407 1
796 1
670 1
371 1
1 1
916 1
964 1
167 1
450 1
774 1
465 1
625 1
996 1
260 1
529 1
345 1
389 1
59 1
960 1
673 1
26 1
679 1
492 1
591 1
965 1
874 1
517 1
567 1
506 1
576 1
656 1
278 1
469 1
238 1
936 1
152 1
612 1
88 1
105 1
413 1
641 1
879 1
636 1
459 1
642 1
169 1
950 1
123 1
648 1
28 1
581 1
504 1
390 1
703 1
364 1
175 1
35 1
496 1
173 1
501 1
37 1
148 1
342 1
652 1
813 1
915 1
398 1
572 1
763 1
403 1
49 1
405 1
290 1
165 1
654 1
228 1
490 1
913 1
706 1
213 1
141 1
701 1
959 1
300 1
776 1
248 1
483 1
919 1
396 1
45 1
816 1
199 1
823 1
946 1
106 1
440 1
273 1
533 1
756 1
289 1
795 1
726 1
883 1
579 1
95 1
347 1
163 1
557 1
858 1
502 1
736 1
453 1
51 1
225 1
311 1
170 1
747 1
910 1
655 1
427 1
522 1
62 1
855 1
275 1
859 1
680 1
593 1
592 1
937 1
992 1
570 1
250 1
922 1
458 1
441 1
574 1
217 1
828 1
709 1
780 1
393 1
872 1
487 1
79 1
302 1
616 1
4 1
724 1
580 1
789 1
233 1
650 1
932 1
531 1
869 1
513 1
956 1
551 1
539 1
765 1
830 1
660 1
820 1
807 1
488 1
115 1
906 1
15 1
418 1
638 1
969 1
785 1
194 1
805 1
712 1
479 1
12 1
643 1
507 1
218 1
353 1
261 1
699 1
881 1
343 1
684 1
176 1
204 1
590 1
280 1
193 1
249 1
471 1
750 1
197 1
133 1
608 1
829 1
711 1
755 1
247 1
903 1
296 1
849 1
658 1
310 1
344 1
842 1
481 1
697 1
938 1
482 1
402 1
861 1
23 1
251 1
1996
870 844
748 552
843 844
246 844
748 215
733 844
748 638
748 364
249 844
748 59
97 844
748 254
748 300
983 844
59 844
196 844
748 732
540 844
748 783
718 844
585 844
393 844
748 546
293 844
748 361
748 861
748 779
748 1
407 844
748 705
748 377
730 844
748 636
221 844
927 844
365 844
760 844
140 844
748 990
819 844
621 844
720 844
961 844
627 844
857 844
410 844
363 844
748 594
936 844
135 844
748 835
748 507
637 844
81 844
748 733
748 862
748 179
748 986
748 826
973 844
748 407
89 844
748 597
748 502
191 844
748 358
748 781
650 844
748 250
971 844
748 168
392 844
748 712
748 515
75 844
748 79
748 445
748 499
748 868
884 844
748 796
748 637
748 859
129 844
748 311
73 844
427 844
28 844
748 481
748 841
748 653
166 844
748 614
748 289
738 844
885 844
208 844
748 558
748 448
748 41
748 719
748 232
610 844
424 844
748 853
839 844
567 844
244 844
748 290
748 923
698 844
748 145
748 152
748 372
478 844
748 327
338 844
767 844
29 844
748 114
368 844
748 22
746 844
387 844
748 144
921 844
814 844
748 578
21 844
824 844
748 893
748 647
399 844
12 844
745 844
748 17
748 500
748 852
234 844
748 959
772 844
924 844
622 844
980 844
240 844
748 883
748 476
455 844
645 844
912 844
748 183
954 844
108 844
691 844
60 844
826 844
748 280
825 844
490 844
52 844
748 34
601 844
499 844
748 65
748 226
532 844
748 964
860 844
916 844
312 844
635 844
748 381
748 281
748 136
542 844
748 997
748 119
748 150
748 992
748 626
748 190
739 844
748 625
748 491
748 53
647 844
617 844
748 133
619 844
431 844
748 533
748 246
570 844
748 350
948 844
628 844
232 844
748 520
473 844
748 910
748 991
748 77
748 593
926 844
268 844
748 38
748 908
765 844
748 996
748 847
587 844
245 844
748 346
748 753
748 940
248 844
748 970
806 844
748 766
879 844
205 844
748 337
748 352
190 844
748 375
748 231
748 315
748 849
748 869
748 457
933 844
748 693
748 837
748 21
748 342
748 369
748 341
748 330
748 934
748 333
609 844
77 844
978 844
748 292
748 568
309 844
623 844
74 844
748 193
748 791
748 323
864 844
54 844
457 844
748 298
748 262
748 639
965 844
748 47
748 100
748 995
748 237
280 844
748 694
256 844
883 844
748 51
349 844
748 819
748 801
748 124
329 844
748 969
748 217
748 197
748 523
863 844
748 6
346 844
798 844
748 423
748 792
748 508
100 844
748 999
654 844
748 221
270 844
676 844
813 844
748 926
748 521
470 844
124 844
748 727
748 505
748 274
269 844
526 844
639 844
757 844
748 373
748 318
174 844
425 844
748 95
836 844
748 912
294 844
533 844
553 844
301 844
748 166
773 844
377 844
537 844
660 844
748 149
748 57
748 943
92 844
748 513
748 820
44 844
748 601
748 405
748 592
703 844
748 670
748 348
748 141
615 844
748 161
126 844
748 307
492 844
748 473
748 760
344 844
898 844
768 844
791 844
748 378
497 844
748 582
227 844
748 721
748 177
964 844
748 411
748 825
748 984
748 308
748 92
748 607
675 844
852 844
748 890
683 844
748 277
83 844
748 26
748 216
925 844
277 844
748 662
748 353
748 737
595 844
748 487
946 844
854 844
417 844
642 844
7 844
538 844
258 844
517 844
170 844
781 844
748 413
748 4
693 844
608 844
2 844
646 844
144 844
799 844
748 881
748 102
894 844
607 844
56 844
99 844
748 42
163 844
748 851
877 844
970 844
748 559
848 844
670 844
225 844
748 58
430 844
748 252
748 408
748 611
874 844
748 484
748 418
748 97
748 296
583 844
748 876
803 844
169 844
748 846
151 844
748 312
748 885
748 560
748 798
748 725
748 28
833 844
68 844
968 844
748 695
748 845
403 844
748 111
187 844
273 844
748 470
748 402
748 770
242 844
748 365
239 844
411 844
632 844
748 186
748 125
748 894
748 745
748 954
748 854
748 265
252 844
832 844
479 844
748 731
5 844
748 619
220 844
565 844
748 907
321 844
748 343
748 962
618 844
748 272
332 844
748 603
748 451
748 596
748 56
47 844
161 844
721 844
748 811
217 844
748 963
748 163
748 130
434 844
914 844
238 844
748 758
748 688
192 844
748 468
93 844
748 538
748 235
748 410
748 336
748 469
462 844
748 565
748 475
748 544
334 844
531 844
748 634
342 844
748 919
815 844
66 844
748 148
748 526
748 167
711 844
748 580
141 844
748 584
600 844
748 993
748 735
237 844
748 127
748 258
748 728
216 844
748 579
748 654
211 844
307 844
748 902
379 844
748 522
747 844
79 844
748 950
254 844
748 621
748 14
562 844
766 844
748 63
748 339
491 844
748 838
748 485
748 622
748 328
871 844
310 844
401 844
396 844
748 624
748 936
748 896
327 844
710 844
748 677
666 844
231 844
963 844
748 700
372 844
23 844
34 844
530 844
748 750
748 366
748 581
748 606
748 160
364 844
17 844
748 937
508 844
748 974
203 844
557 844
355 844
748 775
748 788
43 844
55 844
235 844
748 587
748 561
200 844
276 844
748 680
748 147
827 844
748 681
748 530
142 844
748 121
748 575
605 844
481 844
748 287
748 746
748 640
992 844
279 844
348 844
985 844
677 844
32 844
748 895
820 844
748 541
748 563
394 844
748 472
748 151
551 844
467 844
748 131
748 628
441 844
748 192
748 208
748 139
391 844
735 844
873 844
384 844
748 66
748 877
116 844
748 710
214 844
748 233
303 844
199 844
748 104
748 550
748 754
748 169
940 844
725 844
748 510
748 306
560 844
494 844
748 248
748 635
177 844
359 844
748 301
748 630
597 844
648 844
748 386
748 808
263 844
785 844
932 844
10 844
748 807
748 946
748 45
748 368
748 113
1 844
748 738
4 844
748 676
748 61
272 844
748 726
748 185
65 844
748 297
748 390
748 74
748 261
748 789
716 844
748 620
748 815
423 844
748 985
322 844
748 324
435 844
743 844
592 844
748 220
748 24
477 844
748 270
748 650
395 844
719 844
318 844
715 844
979 844
748 213
138 844
897 844
859 844
748 81
748 663
748 699
748 953
966 844
771 844
769 844
748 229
697 844
699 844
109 844
748 511
663 844
748 206
748 947
748 671
748 922
443 844
748 839
982 844
748 904
748 704
751 844
902 844
842 844
748 747
539 844
881 844
709 844
862 844
748 612
661 844
67 844
748 973
145 844
748 875
629 844
463 844
967 844
835 844
748 501
748 598
748 392
541 844
748 433
748 972
931 844
748 331
748 774
748 658
575 844
657 844
748 238
748 751
705 844
975 844
316 844
748 205
748 711
987 844
748 273
360 844
748 591
701 844
679 844
713 844
260 844
748 757
748 275
422 844
354 844
748 143
664 844
11 844
748 110
468 844
748 631
878 844
748 867
748 956
748 108
748 363
748 495
903 844
748 78
336 844
669 844
748 665
748 99
748 101
986 844
748 314
952 844
748 349
748 914
866 844
915 844
194 844
748 391
98 844
46 844
748 172
412 844
400 844
748 437
748 29
748 16
103 844
197 844
913 844
748 659
150 844
748 497
748 156
748 697
748 396
459 844
558 844
748 687
113 844
758 844
748 94
381 844
132 844
748 623
847 844
454 844
763 844
545 844
855 844
748 89
153 844
748 827
778 844
340 844
630 844
447 844
418 844
160 844
121 844
572 844
748 866
748 322
290 844
748 729
448 844
428 844
493 844
466 844
202 844
198 844
748 983
624 844
748 608
175 844
748 243
748 195
101 844
867 844
922 844
748 554
525 844
748 528
748 927
748 782
748 106
748 48
907 844
748 452
748 871
748 651
748 43
440 844
271 844
893 844
168 844
704 844
959 844
748 928
981 844
748 276
613 844
406 844
133 844
323 844
748 416
136 844
748 115
14 844
748 961
653 844
748 492
53 844
458 844
748 203
748 334
938 844
748 295
748 488
748 467
183 844
724 844
386 844
748 865
748 955
678 844
748 794
748 268
748 930
748 174
748 120
748 345
748 39
714 844
748 184
748 70
107 844
748 756
748 421
748 741
748 874
748 932
748 49
748 37
451 844
748 987
748 52
748 988
748 795
748 9
695 844
487 844
264 844
641 844
748 833
748 790
748 977
748 257
436 844
748 23
748 335
420 844
748 768
858 844
748 498
57 844
606 844
748 200
178 844
16 844
685 844
682 844
748 466
748 660
33 844
736 844
748 882
748 7
748 860
112 844
681 844
748 909
139 844
37 844
850 844
274 844
748 463
748 842
351 844
314 844
593 844
748 887
748 917
748 714
748 379
748 765
748 645
748 19
38 844
625 844
104 844
748 464
282 844
96 844
748 661
748 686
726 844
748 204
748 494
376 844
62 844
748 427
930 844
30 844
164 844
439 844
748 503
319 844
748 982
748 158
748 128
90 844
210 844
50 844
774 844
489 844
748 899
748 777
748 672
748 15
574 844
748 722
748 376
748 755
748 512
742 844
838 844
748 50
748 980
748 176
748 399
748 389
748 443
748 76
748 453
748 976
748 536
748 409
748 929
748 562
748 455
748 652
748 313
61 844
680 844
748 103
748 294
748 613
69 844
195 844
828 844
748 178
748 537
748 355
748 822
748 357
603 844
748 460
748 543
748 321
506 844
343 844
748 439
748 129
748 71
841 844
218 844
589 844
429 844
748 20
748 293
748 718
209 844
748 447
748 214
215 844
611 844
578 844
887 844
590 844
748 367
748 370
784 844
896 844
95 844
723 844
748 920
291 844
281 844
665 844
748 126
24 844
236 844
127 844
87 844
748 668
748 181
486 844
729 844
71 844
817 844
519 844
891 844
939 844
748 269
977 844
748 744
748 18
748 823
748 173
750 844
741 844
534 844
362 844
779 844
748 212
70 844
748 153
748 939
559 844
748 856
88 844
700 844
748 966
748 604
748 780
261 844
748 380
643 844
748 374
298 844
993 844
748 309
569 844
549 844
748 730
748 649
748 303
748 228
748 803
748 518
633 844
748 684
748 858
880 844
823 844
748 666
748 98
292 844
748 574
748 556
748 86
63 844
748 951
748 965
546 844
748 843
373 844
748 532
999 844
748 702
748 734
131 844
840 844
748 921
748 524
748 864
748 898
128 844
748 720
748 989
869 844
507 844
748 31
337 844
748 627
748 123
748 260
631 844
488 844
247 844
748 291
748 924
783 844
804 844
573 844
748 698
748 245
748 40
84 844
748 253
748 122
748 632
748 241
662 844
19 844
358 844
295 844
748 642
748 388
78 844
748 952
748 878
522 844
442 844
25 844
483 844
748 879
748 905
748 288
748 93
748 395
775 844
671 844
794 844
350 844
748 398
748 742
287 844
748 72
267 844
748 531
257 844
186 844
753 844
13 844
305 844
748 784
620 844
748 971
311 844
748 527
156 844
378 844
616 844
748 763
748 446
262 844
283 844
748 821
230 844
868 844
793 844
991 844
717 844
748 916
748 356
748 242
795 844
748 566
748 164
734 844
667 844
748 138
748 599
748 941
201 844
748 514
3 844
45 844
748 325
634 844
658 844
918 844
652 844
266 844
748 414
748 836
875 844
748 434
748 444
498 844
748 450
748 456
437 844
320 844
122 844
748 931
119 844
748 83
994 844
49 844
748 573
748 154
748 906
111 844
748 249
748 90
315 844
748 259
748 8
748 137
105 844
748 430
822 844
513 844
748 198
8 844
748 994
118 844
748 482
482 844
748 267
748 641
748 656
402 844
165 844
125 844
935 844
929 844
40 844
748 998
748 419
686 844
748 302
780 844
548 844
297 844
528 844
818 844
450 844
180 844
748 340
397 844
748 329
748 569
501 844
748 87
471 844
748 219
846 844
748 12
748 182
469 844
748 480
748 338
568 844
383 844
42 844
748 412
748 933
20 844
748 880
496 844
748 62
748 171
326 844
369 844
748 824
696 844
748 239
787 844
390 844
543 844
748 857
299 844
748 225
748 555
748 112
748 960
748 707
48 844
464 844
626 844
330 844
748 787
213 844
352 844
684 844
748 891
754 844
456 844
748 884
748 529
36 844
748 244
748 571
748 577
928 844
382 844
797 844
748 517
748 715
748 194
748 240
748 33
748 420
485 844
786 844
690 844
886 844
158 844
219 844
969 844
226 844
748 897
375 844
702 844
552 844
339 844
904 844
748 975
296 844
438 844
748 739
612 844
748 85
366 844
748 351
727 844
805 844
731 844
748 271
289 844
748 116
748 385
748 797
94 844
748 767
748 643
356 844
748 429
398 844
748 387
748 588
137 844
748 1000
748 490
748 13
222 844
748 189
748 618
39 844
748 690
748 762
748 669
748 251
934 844
748 304
748 105
809 844
748 73
748 222
204 844
241 844
811 844
748 69
251 844
788 844
748 709
748 142
748 759
748 769
504 844
989 844
748 870
789 844
185 844
748 64
748 382
333 844
748 585
748 736
905 844
614 844
748 942
335 844
737 844
748 316
748 134
748 945
748 404
748 957
748 285
416 844
500 844
433 844
748 572
748 191
76 844
748 96
748 441
58 844
748 247
353 844
748 723
555 844
748 426
328 844
223 844
748 850
644 844
748 549
748 223
748 802
899 844
748 188
748 431
15 844
722 844
748 979
861 844
748 449
748 655
524 844
748 547
123 844
130 844
748 3
908 844
370 844
748 428
748 211
748 84
706 844
748 36
748 600
920 844
748 80
117 844
748 256
748 534
748 440
159 844
748 210
748 978
937 844
86 844
748 371
193 844
284 844
777 844
748 354
996 844
636 844
550 844
748 892
748 685
748 435
748 773
812 844
895 844
748 832
120 844
748 359
157 844
748 913
761 844
909 844
414 844
748 383
744 844
748 925
179 844
748 948
748 901
748 692
732 844
748 227
475 844
302 844
748 935
515 844
167 844
748 805
752 844
865 844
692 844
9 844
748 180
748 816
748 717
748 944
41 844
748 479
901 844
748 800
748 818
181 844
31 844
306 844
571 844
990 844
834 844
748 752
480 844
452 844
233 844
341 844
748 958
523 844
748 424
955 844
748 224
586 844
357 844
748 266
748 703
748 282
748 135
672 844
748 539
206 844
748 545
748 633
748 157
361 844
762 844
748 417
748 458
748 804
853 844
286 844
687 844
851 844
748 425
748 679
91 844
748 915
453 844
35 844
347 844
511 844
995 844
748 646
748 483
147 844
324 844
51 844
748 109
748 67
518 844
748 347
782 844
748 542
748 586
748 616
748 218
748 776
253 844
748 283
265 844
521 844
748 519
748 610
748 506
748 564
748 889
748 236
505 844
748 403
748 310
748 840
748 799
594 844
588 844
255 844
405 844
882 844
243 844
748 486
748 202
748 548
748 165
748 117
748 644
472 844
748 863
748 284
748 602
748 831
712 844
64 844
509 844
748 900
576 844
106 844
476 844
748 400
748 397
748 88
748 159
688 844
748 146
748 716
951 844
110 844
892 844
579 844
748 683
536 844
749 844
748 406
389 844
816 844
748 888
529 844
748 696
748 664
748 91
527 844
503 844
748 525
945 844
285 844
748 903
388 844
976 844
748 230
419 844
748 595
748 107
748 938
154 844
26 844
943 844
974 844
802 844
582 844
748 54
756 844
748 764
748 394
502 844
748 691
748 615
189 844
748 140
748 771
956 844
748 305
748 132
748 462
748 504
426 844
748 170
810 844
748 848
544 844
495 844
748 5
960 844
649 844
988 844
830 844
748 713
941 844
748 477
1000 844
748 461
748 809
748 422
755 844
911 844
748 724
748 432
900 844
748 589
598 844
556 844
748 438
856 844
910 844
22 844
638 844
275 844
748 609
409 844
764 844
229 844
162 844
445 844
581 844
114 844
748 830
957 844
748 30
748 326
748 583
149 844
484 844
748 207
674 844
288 844
748 708
748 384
300 844
446 844
148 844
997 844
580 844
748 319
212 844
444 844
748 772
694 844
728 844
888 844
748 701
748 175
748 459
837 844
673 844
146 844
748 474
748 279
942 844
134 844
792 844
599 844
949 844
748 675
759 844
748 872
953 844
748 968
748 786
6 844
371 844
748 617
172 844
748 814
152 844
748 286
345 844
876 844
748 196
748 436
984 844
602 844
564 844
385 844
748 918
748 749
748 60
748 320
748 35
748 68
748 465
182 844
380 844
748 278
18 844
313 844
584 844
748 570
656 844
829 844
872 844
923 844
748 199
228 844
640 844
748 118
72 844
748 393
155 844
748 27
748 187
748 10
278 844
748 344
82 844
748 401
748 706
748 162
80 844
748 813
748 209
748 478
748 25
143 844
748 551
748 785
655 844
512 844
748 667
748 590
748 264
651 844
748 761
748 949
325 844
748 362
748 834
748 605
748 55
460 844
604 844
748 778
748 82
748 828
317 844
748 674
748 234
748 263
591 844
304 844
748 740
748 509
748 657
331 844
790 844
770 844
748 812
748 535
566 844
748 155
748 689
958 844
748 576
748 44
849 844
184 844
596 844
748 299
115 844
516 844
432 844
224 844
947 844
748 454
449 844
801 844
748 629
748 673
708 844
748 317
748 489
748 360
520 844
776 844
748 332
659 844
408 844
176 844
421 844
845 844
962 844
800 844
748 567
535 844
748 2
748 810
748 911
563 844
944 844
259 844
461 844
748 648
998 844
748 967
27 844
748 540
917 844
748 682
748 516
919 844
404 844
748 817
748 678
171 844
173 844
413 844
748 873
748 829
748 496
889 844
510 844
748 415
748 793
950 844
906 844
831 844
890 844
748 493
668 844
547 844
367 844
807 844
415 844
85 844
707 844
748 471
554 844
308 844
740 844
207 844
748 743
972 844
250 844
748 886
748 255
748 855
796 844
748 442
188 844
808 844
374 844
474 844
514 844
689 844
748 11
748 557
465 844
102 844
748 46
577 844
561 844
748 75
821 844
748 201
748 981
748 806
748 553
748 32
