100
7 6
3 9
7 3
7 1
8 1
2 10
5 4
9 10
10 7
6 5
3 6
8 2
8 10
7 2
1 6
7 8
5 7
7 10
7 9
4 8
2 3
9 3
1 2
1 9
5 9
2 9
9 5
2 8
8 3
8 6
10 3
2 7
9 4
5 5
4 1
6 7
6 9
9 7
1 4
6 1
10 1
10 5
6 3
9 9
1 10
10 6
6 2
10 8
6 8
10 2
5 10
9 2
1 8
2 4
5 6
5 2
8 5
7 4
3 8
9 6
3 3
3 2
10 10
5 3
8 4
8 7
2 2
10 4
3 7
1 3
3 1
2 1
1 7
7 7
4 4
4 6
4 5
2 6
9 1
6 10
4 7
6 6
8 8
8 9
7 5
5 8
1 1
1 5
9 8
2 5
4 3
10 9
3 4
4 9
4 10
5 1
6 4
3 5
4 2
3 10
261
50 41
99 71
64 99
93 54
78 15
76 98
19 16
32 78
9 38
91 62
77 75
4 40
86 20
46 27
71 72
59 69
42 27
28 53
85 10
56 99
43 64
6 24
58 3
75 91
47 40
5 4
90 39
12 5
42 68
49 36
28 32
59 28
11 98
55 34
100 6
77 98
33 65
16 49
37 25
95 100
100 26
58 97
85 97
31 52
66 30
79 5
10 34
38 66
78 88
48 89
7 75
96 35
39 70
67 87
59 32
54 39
48 9
86 17
63 92
76 77
22 12
92 48
18 19
89 38
27 57
47 56
21 70
67 23
18 80
84 83
37 86
20 59
66 1
1 85
67 72
48 38
66 74
32 15
53 73
91 99
99 35
63 8
29 12
10 7
68 33
51 94
86 81
2 59
90 54
33 22
12 14
32 73
65 58
3 47
38 60
25 20
49 86
54 70
68 31
75 61
80 25
16 74
100 2
45 24
97 64
84 19
11 78
13 84
49 17
73 15
1 10
51 95
61 67
36 17
62 71
99 62
16 36
6 45
7 64
43 56
60 30
85 58
3 14
43 47
2 26
94 2
29 3
41 79
74 1
8 44
25 94
82 10
93 21
12 4
46 42
61 21
14 40
84 16
83 16
55 76
62 72
61 62
74 82
65 3
20 81
26 53
54 21
19 37
80 51
31 22
97 7
35 71
37 49
82 55
33 29
18 37
92 44
94 20
34 75
13 19
44 89
31 50
2 28
77 93
25 86
27 65
98 93
70 23
15 88
91 61
97 43
36 82
98 90
22 52
11 90
52 12
92 89
63 44
65 29
89 66
29 14
8 84
64 91
75 93
62 67
83 74
60 27
56 35
30 85
69 11
17 55
14 47
80 37
81 69
78 90
94 59
23 87
19 49
30 1
81 11
6 26
17 76
10 97
22 29
46 60
47 96
34 77
21 23
9 60
57 58
21 67
24 53
50 52
57 85
64 56
93 61
36 55
30 57
1 82
60 57
42 33
95 2
7 91
3 43
9 46
52 79
72 87
13 18
44 83
26 24
58 43
20 69
98 54
76 11
40 96
89 83
74 36
17 81
90 88
51 25
38 30
69 32
52 5
68 22
82 34
28 73
83 66
27 33
26 28
8 13
95 94
44 84
34 7
57 65
88 39
50 79
14 4
81 76
69 78
55 77
56 96
