100
802 891
571 856
694 809
388 705
417 409
947 86
573 480
721 839
874 155
243 862
891 242
802 621
630 80
552 547
18 848
375 135
130 818
765 875
481 177
396 428
722 593
957 270
687 927
188 267
722 711
627 314
192 30
539 550
280 793
366 329
862 571
967 848
672 739
374 750
173 914
661 855
720 585
185 424
628 836
377 72
505 247
40 466
568 30
475 595
795 905
839 154
15 824
192 609
490 876
233 710
977 937
118 338
719 341
399 77
786 353
106 362
397 174
200 280
867 695
703 261
600 82
395 155
670 255
735 295
366 125
671 658
148 124
597 564
229 42
223 363
926 245
236 122
700 237
833 847
795 16
917 567
973 283
787 728
62 728
25 411
157 164
85 533
925 631
322 165
797 135
918 949
250 376
40 771
627 514
21 937
750 552
965 586
404 680
102 454
867 844
648 363
362 831
438 317
904 74
664 123
279
16 32
75 83
43 32
68 25
78 51
64 31
60 83
71 92
87 2
69 46
27 58
3 18
28 59
44 8
15 90
81 74
68 3
93 36
70 25
20 37
58 70
73 92
16 68
13 96
26 51
82 14
27 93
16 71
57 51
70 12
40 5
14 95
17 10
91 95
84 95
52 50
40 57
81 10
67 77
99 77
24 12
96 51
62 8
84 73
34 95
67 20
12 32
13 6
87 5
23 86
62 96
4 51
88 49
47 10
54 55
56 33
25 18
89 1
27 66
72 46
73 45
38 89
57 95
4 32
85 12
57 78
27 85
100 12
4 23
69 84
65 11
14 66
98 14
61 86
28 3
38 2
33 1
47 39
69 11
5 32
3 32
81 97
43 37
43 73
42 7
47 18
61 76
56 89
79 97
89 21
66 95
48 2
40 53
40 44
29 23
98 8
94 1
41 7
85 51
30 59
21 45
64 45
54 32
28 68
41 96
64 74
84 97
19 36
81 30
16 51
27 53
94 44
50 1
100 53
67 59
48 83
69 6
44 83
29 95
63 45
69 93
40 57
56 87
27 4
40 9
53 74
81 86
43 8
48 1
47 97
39 18
8 74
42 74
40 85
73 60
82 45
27 50
63 33
70 68
65 31
30 31
58 26
24 48
54 18
15 1
20 3
58 91
87 92
70 44
31 92
84 22
53 95
75 77
26 8
37 12
40 60
54 14
98 18
41 64
73 18
93 78
79 51
36 18
67 84
13 22
24 45
26 31
34 86
50 3
7 21
37 51
40 98
19 95
66 3
84 95
27 63
99 71
23 86
81 1
1 51
20 3
84 4
69 9
38 2
28 25
17 36
8 86
69 49
30 33
52 18
15 18
53 76
62 91
88 17
96 36
97 1
94 29
9 83
55 78
80 7
16 78
41 37
49 23
11 86
6 22
19 66
20 23
67 21
67 20
14 36
60 55
62 92
21 12
69 21
52 5
100 21
94 12
27 61
96 37
54 6
64 91
84 25
38 7
7 37
91 1
54 61
62 64
70 28
72 34
85 11
72 68
40 39
27 50
80 34
99 32
82 86
58 87
56 29
40 39
38 18
63 31
82 83
61 39
72 92
88 95
5 7
84 20
87 28
36 23
6 51
50 49
72 71
65 19
58 78
60 92
65 26
2 45
89 59
5 2
80 33
77 51
80 93
80 14
84 60
69 66
83 51
19 91
52 76
64 86
31 51
62 32
72 37
16 41
87 92
22 51
73 55
42 35
24 22
67 16
