25
970 432
439 638
1000 727
296 378
113 634
132 498
593 598
883 921
700 445
293 226
681 239
294 333
874 867
693 104
889 811
364 434
255 3
621 843
156 366
907 990
147 986
502 874
479 642
673 723
800 761
79
12 16
13 8
16 24
10 11
12 15
10 4
19 25
17 12
12 9
2 3
21 20
1 3
4 20
18 13
14 8
17 12
7 13
19 16
5 8
13 8
11 9
21 20
11 1
14 13
17 10
19 18
15 20
11 15
10 22
6 13
12 8
19 23
14 20
8 20
12 1
17 23
10 15
19 4
17 14
23 24
6 22
10 8
7 15
12 20
1 3
19 23
13 8
11 13
2 13
17 3
19 24
23 15
4 7
16 7
16 20
4 22
6 2
7 18
14 15
4 25
25 8
5 25
2 24
9 13
12 18
24 3
24 20
10 2
25 8
7 18
6 24
17 9
16 2
10 7
6 25
22 20
9 13
18 8
11 3
