400
20 5
11 7
11 5
16 20
7 15
13 12
19 1
7 13
3 15
19 13
10 5
17 9
6 6
20 8
1 8
2 11
15 2
19 5
18 11
8 16
14 9
5 4
2 20
12 2
15 8
4 14
12 6
4 6
5 16
8 4
4 17
4 5
11 1
15 14
19 6
12 8
18 9
17 18
11 4
15 10
8 18
11 14
17 10
10 3
18 5
2 2
11 15
11 2
20 17
4 7
2 7
14 8
15 19
16 18
4 13
6 19
16 8
3 17
19 8
18 3
3 6
14 12
9 9
19 9
14 11
19 7
6 5
20 19
13 14
12 4
10 11
19 14
20 6
11 11
5 13
4 3
13 5
2 18
8 12
9 11
12 14
12 20
13 6
5 14
15 16
5 9
9 13
9 4
20 4
18 15
3 2
17 17
20 12
1 5
6 10
8 9
9 20
11 19
10 16
12 12
10 14
15 4
2 15
18 1
15 12
19 10
8 7
5 18
13 18
7 19
5 11
20 10
16 1
19 18
4 11
1 1
1 19
12 1
2 17
17 7
19 4
4 9
9 3
16 9
4 16
3 18
3 13
13 7
17 4
1 20
8 17
5 7
4 15
8 15
6 7
9 12
18 14
9 8
5 10
14 3
8 19
11 16
5 15
13 15
19 11
3 3
2 12
6 11
10 13
4 2
3 16
7 7
13 19
7 2
9 1
6 16
4 19
15 17
1 15
14 7
10 9
20 7
4 18
15 3
17 11
5 8
15 9
12 10
13 10
17 3
7 12
19 20
2 13
19 12
17 14
7 11
3 1
1 17
4 8
11 6
11 20
7 5
15 7
7 17
16 15
20 14
16 12
10 20
1 14
1 12
5 2
10 19
2 3
3 12
1 2
4 1
17 19
2 1
1 3
10 17
2 14
7 1
15 18
3 14
17 15
7 18
17 2
13 11
13 2
6 15
15 1
6 12
8 5
10 18
6 8
13 13
20 11
5 1
6 2
9 16
7 4
11 17
10 15
14 16
20 1
12 9
20 13
7 16
19 16
7 8
10 7
10 4
14 19
18 19
9 15
11 3
20 20
6 13
13 8
8 1
13 1
2 4
14 13
11 10
9 7
14 14
13 16
18 8
1 4
5 12
16 19
13 3
1 10
16 13
12 11
2 10
12 18
16 17
2 5
12 5
7 20
11 9
9 18
18 20
12 13
15 5
3 7
19 3
2 6
9 10
8 3
19 15
8 2
7 6
1 6
6 9
3 5
16 6
1 9
14 1
8 10
18 13
10 12
3 11
20 2
17 1
15 6
14 10
8 8
15 13
7 14
2 16
20 15
6 4
1 13
3 19
15 20
9 14
10 8
4 4
20 9
10 1
14 6
11 13
16 11
15 15
14 5
12 3
14 20
19 17
14 18
8 13
1 11
17 6
16 4
8 20
3 8
17 8
5 5
20 3
6 14
15 11
20 16
20 18
5 3
17 20
12 7
11 18
13 20
8 14
4 10
19 19
5 17
4 20
7 9
13 17
1 7
1 16
10 10
14 4
6 17
12 19
18 16
13 4
9 6
17 16
18 6
18 17
18 12
7 3
17 13
16 2
6 1
19 2
13 9
3 4
6 20
1 18
18 4
9 17
18 10
18 7
10 6
6 18
14 2
16 16
12 16
8 11
17 5
12 15
5 19
16 10
3 9
11 12
11 8
16 5
10 2
9 5
14 17
14 15
3 10
18 2
12 17
7 10
5 20
2 19
17 12
9 19
16 3
2 8
16 7
9 2
3 20
2 9
6 3
16 14
8 6
4 12
5 6
18 18
1121
144 370
378 213
277 242
272 137
187 105
13 67
41 206
109 383
56 108
126 58
78 119
294 22
24 33
245 397
398 284
83 27
311 109
151 292
12 57
344 70
229 343
323 293
158 85
161 299
67 319
157 296
175 254
333 31
389 352
207 352
184 341
17 211
267 61
140 365
20 228
270 63
39 232
398 115
162 73
374 71
300 356
152 274
51 275
242 193
296 78
283 71
177 198
221 294
185 396
31 125
224 380
110 364
25 160
300 146
148 139
14 162
324 114
344 252
30 221
325 150
342 328
105 65
345 378
217 112
79 171
198 116
128 27
153 109
111 139
243 62
390 337
18 359
80 368
200 220
399 28
9 201
22 76
371 163
140 252
166 50
372 124
315 102
380 144
214 360
77 260
188 388
350 154
266 340
250 111
80 270
309 329
178 338
141 206
383 222
212 111
374 74
326 251
171 212
339 161
251 53
359 60
386 117
343 205
180 3
125 9
355 36
234 197
220 235
34 246
244 339
210 143
92 346
106 361
90 205
106 37
89 320
35 45
42 304
80 281
231 245
400 348
47 42
139 122
317 390
235 134
100 374
3 11
143 84
388 41
317 51
307 340
317 267
242 199
132 28
239 327
368 384
180 11
78 178
187 305
252 308
6 208
400 38
395 325
257 328
74 244
215 132
248 362
138 289
229 272
5 210
81 304
258 158
327 27
81 265
261 56
144 81
366 185
238 250
283 136
315 389
107 397
168 262
386 78
385 334
52 239
63 289
266 102
311 379
42 101
380 69
82 342
286 113
159 189
91 46
236 44
282 349
188 97
230 215
102 140
245 107
369 376
160 303
193 199
308 48
294 325
304 374
69 81
359 129
227 93
201 173
26 204
5 321
389 164
388 263
112 106
399 32
367 370
365 280
61 259
381 256
360 20
301 14
223 101
75 55
155 240
298 330
16 313
17 280
27 3
37 318
37 248
213 182
24 118
176 384
55 194
19 43
147 16
214 263
368 281
238 212
289 152
71 80
208 168
11 378
19 165
110 206
3 39
365 241
265 374
48 377
396 290
231 345
316 261
314 376
127 147
114 310
185 34
222 142
74 71
325 76
364 333
363 345
330 312
6 255
345 213
292 103
46 116
61 277
150 196
321 84
8 238
222 200
318 391
373 390
307 344
140 209
88 271
14 59
118 33
244 262
32 356
36 375
93 174
376 266
136 368
200 99
183 303
16 256
331 381
52 128
390 15
373 394
115 381
341 29
125 151
185 306
385 371
320 268
209 241
156 143
397 274
4 297
209 118
305 372
228 210
122 179
214 200
28 61
20 5
303 83
318 57
57 25
136 79
172 234
186 10
377 392
206 364
146 193
84 75
166 132
392 273
25 183
256 279
311 336
334 157
264 234
275 94
305 322
393 386
268 354
391 183
326 4
129 170
329 82
259 249
393 23
377 302
26 127
270 281
247 370
274 13
100 255
104 286
72 137
111 115
379 224
36 2
170 352
299 138
168 244
201 295
186 72
192 388
186 227
394 390
255 74
297 309
21 52
384 335
64 37
102 164
385 157
340 252
272 90
158 379
87 312
213 221
190 313
307 77
206 184
142 99
226 262
370 42
7 104
256 394
101 149
135 132
72 10
278 376
18 45
343 90
327 180
264 197
290 243
164 17
26 55
226 36
259 242
322 40
268 60
237 172
146 91
352 17
34 290
269 275
393 296
389 17
133 26
21 239
288 169
292 338
334 296
30 271
156 29
332 114
62 208
125 133
348 343
243 216
98 328
308 236
131 20
335 215
45 359
373 317
281 384
287 307
1 18
152 135
119 178
169 168
347 369
227 174
387 187
1 121
289 107
17 365
273 202
327 2
92 258
204 173
215 166
107 152
91 198
121 359
103 189
316 141
206 341
163 31
50 61
68 114
182 221
262 299
398 194
45 369
278 266
131 228
301 59
269 259
167 25
205 185
113 211
357 385
129 315
342 257
150 91
262 161
87 79
69 216
357 56
144 69
79 176
105 322
232 44
14 66
89 268
380 246
39 44
179 317
8 212
284 381
30 350
139 86
169 226
354 7
152 13
165 43
277 259
16 253
147 313
160 128
360 220
394 15
247 367
148 95
137 351
71 339
18 121
69 265
319 300
71 270
78 358
49 229
176 95
109 336
208 169
360 131
138 107
43 124
157 126
285 225
149 87
381 373
228 156
102 340
366 306
134 330
133 204
272 72
6 100
210 321
288 355
84 26
29 125
333 29
328 214
232 123
370 47
76 150
135 13
73 1
322 288
196 177
60 170
237 68
347 45
59 248
353 218
22 300
280 241
239 128
64 248
253 279
361 37
291 238
239 36
84 55
13 319
43 12
363 378
66 362
133 9
170 389
83 260
53 203
395 219
232 88
96 289
263 41
64 59
263 131
273 240
293 72
41 184
308 24
332 234
251 54
63 96
265 100
161 63
95 139
70 39
40 167
121 60
299 231
348 92
355 239
5 291
121 268
160 83
379 336
126 119
56 371
309 233
366 85
339 63
85 380
142 223
193 46
38 54
369 315
193 195
367 47
258 85
330 8
248 120
210 84
145 19
181 98
371 108
260 70
203 158
356 193
197 251
101 298
50 28
281 335
56 364
96 230
340 140
261 110
11 232
252 209
103 159
267 51
88 30
156 210
95 276
149 283
96 335
88 123
372 167
270 96
306 246
163 58
346 205
306 380
192 214
331 122
397 213
271 273
288 21
246 69
98 192
310 343
257 222
230 152
83 77
315 164
164 365
93 217
54 258
350 395
99 223
48 33
45 129
66 347
110 56
153 342
262 375
109 257
283 80
314 369
362 120
20 134
387 305
49 323
372 40
148 111
361 43
381 394
302 155
136 80
35 18
123 273
126 78
364 341
231 363
339 270
340 344
255 244
82 98
183 287
55 127
323 229
25 52
287 303
44 123
37 12
324 310
199 195
343 346
54 203
205 396
334 393
70 308
336 367
314 278
226 375
63 138
323 272
276 86
382 104
255 168
358 178
108 31
92 366
207 113
166 179
162 66
86 179
258 366
59 66
223 235
362 347
342 98
289 230
351 187
13 399
294 395
115 331
129 389
181 192
345 397
241 118
173 190
293 186
320 285
51 269
41 131
175 396
216 100
8 171
79 368
61 269
395 191
74 339
171 176
325 191
145 361
312 79
394 279
67 22
329 153
131 184
112 64
354 104
72 282
234 38
326 197
127 194
24 48
58 119
143 133
248 318
278 287
194 147
310 229
11 88
335 230
194 16
154 202
29 143
284 256
98 214
391 287
321 238
359 170
354 382
277 356
295 190
141 110
167 21
219 218
300 76
392 155
350 219
293 272
221 395
204 201
309 153
139 331
312 171
375 299
249 199
268 382
175 351
153 257
168 226
234 400
285 354
247 144
141 41
228 5
2 180
58 292
240 202
319 22
330 291
378 88
254 105
38 258
65 169
351 254
266 307
303 307
76 146
208 255
105 62
90 137
396 34
42 149
346 185
256 253
212 250
265 304
108 333
124 25
120 278
224 247
399 319
282 387
298 87
368 176
127 173
274 182
219 353
250 398
180 363
67 294
318 120
297 53
304 149
108 163
57 183
90 175
120 314
68 324
263 360
287 266
392 240
243 6
53 311
233 311
62 6
3 232
333 125
86 122
187 322
40 288
357 371
397 182
94 249
101 87
376 102
35 347
86 166
276 215
236 48
384 95
370 81
62 65
188 192
237 332
220 134
264 326
54 158
195 116
164 140
344 308
269 94
229 90
238 75
65 208
75 250
250 115
364 108
123 271
119 338
194 284
119 292
77 70
97 141
46 198
251 203
163 126
87 136
281 96
48 302
170 207
365 209
246 216
316 110
328 222
356 242
53 233
51 337
2 363
95 86
174 145
161 138
197 54
352 211
77 344
233 153
182 67
43 372
209 24
73 18
355 226
52 160
319 32
36 327
284 16
184 228
179 267
386 358
202 353
215 135
169 355
221 350
290 105
128 83
182 294
1 89
235 330
349 165
149 136
290 62
337 275
349 19
60 207
369 129
322 65
324 49
143 26
174 19
211 280
274 67
91 177
189 295
261 357
191 218
375 2
28 277
217 106
279 15
349 387
205 175
134 291
218 196
201 189
147 190
172 264
388 141
230 135
19 361
70 236
99 220
49 310
10 174
32 300
9 204
44 377
107 274
400 92
124 167
173 147
348 346
145 106
179 50
362 314
217 145
329 342
305 40
150 177
89 121
32 277
97 388
55 398
301 64
10 282
351 387
172 332
181 188
21 355
387 165
390 51
134 5
15 337
46 195
219 191
341 156
310 348
2 231
257 383
132 50
117 358
382 207
128 327
4 53
312 8
383 367
60 382
34 243
212 148
383 142
276 166
391 278
303 77
73 35
85 306
111 331
379 247
267 269
197 38
235 298
321 75
222 99
382 286
384 276
378 30
27 180
154 353
213 30
122 317
12 318
254 290
38 92
367 142
184 156
165 305
296 126
112 301
396 254
58 151
31 151
254 187
157 163
347 314
47 223
171 148
82 181
59 362
375 231
296 386
114 400
33 302
75 398
154 219
44 392
120 391
338 159
282 351
291 321
273 154
10 349
114 348
76 91
200 360
304 283
22 325
103 201
123 392
50 267
361 12
203 311
297 233
346 366
328 200
176 148
115 284
174 349
260 39
320 354
135 399
39 236
31 58
374 283
335 276
227 10
137 175
23 117
225 7
245 345
151 9
167 52
292 159
336 247
252 24
291 8
207 286
331 373
23 386
40 21
93 145
23 130
224 144
81 42
271 154
162 35
138 245
99 235
259 94
9 103
142 47
271 350
173 295
85 224
363 11
68 332
122 373
371 157
12 124
130 117
285 7
236 377
191 150
336 383
341 333
244 161
306 34
260 3
313 253
216 265
47 101
28 32
191 196
97 316
352 113
223 298
204 127
158 224
65 288
299 245
242 249
183 160
298 312
27 260
165 372
233 109
151 103
377 155
124 57
332 400
192 263
66 35
246 243
376 315
146 46
29 133
106 64
137 282
57 391
203 379
220 20
356 146
100 74
216 6
4 251
132 399
