400
967 200
41 644
391 915
15 696
64 267
393 474
665 609
643 494
116 349
179 504
38 2
768 200
664 697
85 857
415 267
694 956
929 961
927 989
440 739
999 307
166 754
291 376
423 750
154 758
579 272
381 38
312 996
358 180
354 833
108 498
718 504
555 799
871 478
99 678
409 182
17 978
330 27
643 190
164 21
901 706
314 962
28 776
449 118
440 482
345 44
771 489
311 219
47 739
396 42
294 885
462 57
201 340
729 780
43 98
58 235
355 654
356 426
358 221
339 261
300 466
453 807
105 324
404 610
618 363
611 669
955 906
559 130
582 107
946 542
778 116
165 320
908 925
758 453
815 109
612 616
152 954
788 517
189 552
25 120
359 869
145 269
222 357
217 840
743 549
662 82
688 64
175 808
191 627
363 108
926 555
640 376
549 128
185 454
810 492
807 128
103 386
771 84
812 621
418 470
254 259
588 175
408 675
43 290
763 685
712 155
218 636
931 113
225 804
382 851
548 554
617 39
119 309
388 227
826 228
834 233
481 63
568 566
335 927
152 443
916 795
486 404
927 866
73 994
202 133
496 447
151 123
915 513
439 52
654 845
837 637
455 256
216 94
211 176
224 973
538 825
458 122
419 378
878 447
616 887
312 712
71 990
731 750
507 956
143 21
854 461
152 693
500 477
940 164
457 686
53 612
531 314
766 520
75 39
340 643
810 357
309 690
54 292
499 377
229 760
970 809
638 670
206 785
74 677
751 688
394 329
183 287
695 154
147 751
615 8
636 156
515 555
415 152
847 347
44 258
237 104
623 73
425 970
134 558
482 355
458 465
512 222
660 708
653 12
450 429
306 339
300 421
12 127
567 693
93 607
390 670
924 105
585 736
51 189
317 796
607 949
939 801
281 665
447 432
113 175
981 864
849 242
203 86
63 440
361 534
485 726
708 298
342 640
642 628
878 43
646 258
572 949
82 88
319 437
605 442
682 674
103 119
753 21
74 580
527 116
400 787
819 512
807 559
2 145
757 515
402 110
645 952
935 406
756 911
657 360
500 746
169 30
890 159
703 105
264 217
961 645
424 437
207 515
146 286
928 231
410 230
678 810
826 534
310 799
68 890
543 868
932 502
287 77
406 72
955 613
31 289
67 953
168 938
634 202
240 212
982 66
143 15
278 199
230 453
172 927
573 851
660 984
301 325
602 98
93 59
115 190
332 405
418 922
507 809
469 903
693 476
67 924
958 815
140 950
200 159
742 886
19 787
227 603
348 402
477 560
637 43
605 876
294 243
525 350
434 865
105 548
207 153
493 508
578 740
227 736
433 229
948 440
118 532
160 43
119 219
835 343
904 377
780 819
748 739
742 115
655 681
449 297
138 954
910 54
467 924
260 123
3 776
863 225
312 555
936 387
179 709
895 463
762 733
997 210
154 898
566 135
621 704
481 849
926 357
736 169
887 221
534 824
922 388
69 907
558 360
714 389
162 483
523 119
922 345
522 569
321 719
546 62
259 766
553 735
460 918
739 899
892 264
692 488
183 197
492 597
562 390
298 135
831 673
12 669
345 938
31 731
28 619
533 320
214 155
189 279
552 848
453 891
768 768
169 897
636 938
407 205
701 135
344 671
371 889
268 811
349 91
732 28
78 621
314 412
781 25
135 276
697 408
410 719
302 254
373 625
360 864
456 415
396 738
692 738
623 619
366 334
299 410
675 885
459 587
475 184
253 288
506 998
351 330
295 855
402 829
25 238
404 114
271 75
264 310
167 966
8 122
52 418
109 310
389 491
440 695
389 715
422 523
84 755
295 879
391 898
781 983
1148
37 167
26 324
375 400
212 137
349 243
393 224
324 208
293 97
272 200
157 378
34 389
116 287
231 283
398 304
253 229
74 90
247 299
82 17
92 120
166 186
243 241
338 398
237 308
106 17
329 374
96 398
216 67
223 115
294 322
265 87
3 16
218 268
371 333
283 275
151 65
391 237
181 337
108 16
162 211
380 118
265 19
169 91
397 228
184 312
28 358
391 252
281 226
358 16
180 287
82 7
37 229
31 84
376 228
28 12
144 368
234 63
299 309
144 298
25 206
45 90
264 255
14 76
34 352
333 160
243 344
341 165
360 356
77 122
216 52
91 309
396 354
55 52
187 397
132 58
11 199
174 393
365 328
11 299
301 351
216 356
151 31
52 102
37 399
276 354
292 300
67 356
133 298
369 143
238 106
28 246
265 7
246 160
359 228
73 46
176 161
144 301
51 170
153 353
217 295
59 333
297 72
301 281
152 342
197 230
198 65
258 243
368 185
142 160
132 258
286 105
213 316
203 381
35 313
347 224
379 98
266 57
186 145
153 62
315 69
290 117
115 130
99 164
363 367
387 232
136 72
84 40
301 151
187 178
93 104
4 18
216 320
62 22
203 194
62 82
39 372
257 382
55 140
5 162
223 251
257 298
376 135
387 47
202 277
264 93
287 268
255 20
30 399
387 156
150 359
303 1
79 28
393 8
193 273
305 339
118 344
363 90
366 164
12 120
358 269
165 90
39 31
338 284
19 354
11 81
124 344
202 384
290 316
223 366
153 386
286 266
360 170
57 312
276 29
43 171
173 127
294 320
74 296
321 135
126 185
248 16
346 289
6 110
294 311
146 384
314 267
360 233
373 16
68 249
238 185
258 156
199 222
274 23
294 165
347 318
58 307
144 44
286 179
62 221
29 177
108 139
88 159
264 290
195 226
45 18
158 142
112 279
382 46
63 394
212 71
333 335
102 13
282 56
365 371
343 354
368 394
132 89
257 266
376 350
280 129
119 152
78 268
238 252
113 142
265 198
119 33
154 357
286 186
359 29
392 278
338 154
399 381
86 201
91 152
24 321
89 110
290 325
270 275
328 246
26 386
167 366
392 314
128 336
330 377
64 152
360 70
137 205
232 17
338 213
10 230
291 66
204 53
124 368
172 25
315 173
293 289
126 60
12 249
310 83
59 120
348 297
39 220
388 235
275 18
180 120
155 17
362 24
279 275
382 91
368 149
253 354
131 91
172 396
44 32
58 114
357 304
324 8
39 51
361 107
170 90
282 155
289 359
54 109
81 23
374 164
210 215
361 322
153 294
80 335
316 40
121 182
57 102
128 122
103 184
124 208
96 138
292 330
285 228
28 301
121 312
269 66
292 171
185 156
254 115
328 200
271 252
6 268
97 342
286 60
219 318
207 129
244 134
370 195
212 274
44 65
116 179
133 278
374 241
175 347
299 298
43 351
101 366
234 69
217 196
183 307
150 397
9 369
95 232
186 125
156 321
128 191
99 269
368 316
79 14
95 201
286 374
47 13
23 122
48 245
13 16
262 44
290 235
325 160
242 18
103 237
128 377
67 313
60 135
43 158
340 139
384 17
111 311
128 381
186 73
315 373
258 241
71 284
380 375
293 89
70 336
215 373
265 190
360 350
174 30
175 341
54 214
132 91
89 201
205 135
26 267
305 319
24 377
394 350
369 143
202 181
265 139
175 181
6 208
147 53
390 328
165 31
348 12
362 317
356 295
99 75
212 126
331 95
214 98
71 72
197 40
376 393
233 224
22 297
150 188
30 78
213 400
44 335
390 90
88 66
187 346
307 200
124 319
207 235
253 142
55 318
132 316
282 226
22 44
376 156
153 155
5 370
158 211
15 13
344 400
397 120
111 17
360 70
29 370
202 352
379 298
187 57
124 298
219 101
184 138
22 13
2 389
102 226
7 215
116 205
202 228
170 227
186 77
198 317
124 12
124 101
345 334
112 235
355 137
15 221
391 44
231 136
111 297
159 260
212 113
35 20
56 241
391 195
103 56
257 180
327 32
294 277
250 190
89 395
52 160
391 189
218 397
285 194
379 291
106 188
55 168
293 12
380 109
63 275
193 147
28 6
37 375
231 6
278 312
133 324
276 302
88 41
172 279
355 261
254 109
5 21
317 228
148 249
54 150
368 19
70 296
229 31
325 400
247 41
35 84
208 130
295 322
201 18
254 77
386 222
167 298
366 31
57 65
332 272
42 251
339 377
231 95
208 377
86 33
153 232
93 162
70 122
391 277
365 283
181 270
79 374
187 236
77 242
116 125
44 164
306 383
4 182
30 77
273 177
379 309
74 160
132 65
210 130
133 269
58 104
217 320
43 125
2 118
256 253
264 182
185 53
132 296
387 269
256 71
336 309
153 257
135 260
98 196
286 380
170 200
256 364
126 373
326 330
224 400
225 366
79 347
360 161
171 7
162 3
156 135
55 351
149 164
112 22
387 368
168 129
332 243
19 142
385 163
247 396
216 76
28 94
181 224
225 355
120 17
52 227
37 116
194 228
55 147
250 17
198 270
346 168
9 23
174 395
15 182
183 242
386 219
305 324
39 354
174 206
254 8
294 326
243 260
153 305
184 221
194 143
47 56
92 222
47 161
103 388
239 69
96 135
150 139
95 20
159 220
199 318
187 376
124 269
204 84
41 381
352 297
157 186
190 335
338 249
212 282
308 279
93 208
216 131
39 37
178 312
11 20
181 400
142 18
293 134
180 33
248 288
186 329
262 140
153 225
114 127
293 210
101 296
153 369
162 143
83 350
95 40
310 139
387 50
288 275
385 394
48 321
346 34
387 341
166 270
197 312
93 83
212 310
365 375
112 121
364 77
207 192
153 362
294 113
126 326
265 192
390 391
51 352
179 205
87 27
186 222
208 142
211 18
277 66
357 321
14 335
71 330
256 37
174 262
233 66
385 81
274 245
214 84
100 185
356 104
128 53
371 33
259 261
305 378
30 400
385 245
234 46
55 235
181 46
216 342
356 122
93 267
245 335
85 325
145 272
21 61
349 27
163 159
242 235
88 65
79 275
346 83
299 272
357 149
89 33
289 400
219 117
213 180
385 56
355 131
339 195
43 151
210 328
63 182
355 291
131 215
219 242
340 272
390 388
378 275
390 325
256 378
110 241
31 242
117 249
348 258
382 318
71 249
391 78
4 23
380 342
109 200
24 27
55 119
113 230
256 393
371 373
43 371
326 139
26 290
350 72
336 40
43 339
360 6
341 38
28 192
216 15
372 260
10 245
244 261
68 210
39 202
137 130
89 6
394 335
256 172
182 373
254 324
11 292
213 272
240 222
178 374
35 1
357 284
149 142
59 188
266 236
203 63
250 270
190 200
113 138
385 100
324 46
283 261
147 77
360 379
237 374
21 297
163 267
392 41
112 177
371 205
203 214
364 69
254 41
185 180
223 363
213 195
331 176
57 138
156 381
129 17
146 350
234 61
189 34
158 196
390 308
380 197
345 226
174 147
107 148
390 193
250 296
392 61
64 366
346 32
11 349
338 222
329 288
157 110
169 280
10 288
327 161
197 317
78 288
294 119
382 222
266 321
273 27
346 2
47 214
231 224
152 17
308 378
189 372
315 40
203 80
170 38
243 139
343 298
30 24
126 204
58 46
214 145
103 30
390 365
324 352
202 363
212 62
216 47
185 84
106 197
38 261
118 16
158 40
367 245
11 113
174 392
203 395
153 371
162 245
236 374
47 117
38 300
385 2
45 46
45 120
341 188
39 274
135 16
362 41
113 226
24 281
62 389
258 190
388 211
315 38
350 275
60 23
161 142
6 19
187 163
206 328
134 400
388 366
49 198
265 307
346 140
319 17
319 309
363 23
115 318
135 226
256 259
375 184
327 315
126 215
292 339
93 211
111 64
189 205
52 281
282 372
378 321
39 94
248 180
295 249
203 77
82 363
250 29
140 354
346 88
279 281
363 161
287 211
85 249
131 149
111 105
327 127
274 194
383 41
116 69
79 253
15 396
382 291
91 69
362 302
166 32
55 52
338 289
127 272
214 127
228 400
225 20
197 188
250 127
309 200
48 108
373 16
4 367
136 114
229 322
11 26
88 207
165 384
133 158
236 177
331 352
169 328
103 267
346 149
220 335
96 117
305 296
392 243
274 366
28 72
277 200
278 188
136 324
186 243
298 72
218 312
138 122
153 82
144 50
385 24
355 291
337 17
274 239
57 381
341 399
338 173
49 107
360 290
62 88
234 398
193 59
9 7
79 143
286 75
48 323
341 373
5 99
280 31
209 328
368 288
93 383
257 371
140 298
279 316
166 143
25 64
256 240
214 352
4 334
248 367
368 261
2 389
213 3
96 304
360 263
318 235
302 177
52 340
169 291
79 227
263 215
199 257
337 77
193 55
233 74
105 33
212 126
377 18
132 107
301 184
191 309
338 394
105 66
322 227
26 195
218 267
355 246
360 315
171 215
264 166
137 298
153 260
100 243
54 81
173 127
103 353
332 358
5 151
46 90
293 148
330 358
252 195
347 73
62 226
223 123
5 259
300 196
85 228
326 117
86 235
119 383
174 317
92 40
125 268
65 297
199 400
21 143
56 23
395 297
119 196
132 245
132 219
49 284
29 3
37 115
65 342
375 135
376 73
51 69
237 122
189 87
349 50
111 210
58 7
7 72
345 332
82 121
105 148
210 200
262 171
329 53
349 154
286 19
169 167
175 19
154 220
26 351
207 297
157 375
349 339
125 221
58 206
174 382
331 94
396 23
39 176
127 17
326 88
305 272
306 118
11 145
238 197
53 18
22 395
153 178
238 395
67 167
176 13
103 141
155 235
125 297
78 339
264 202
338 64
314 381
85 295
64 73
386 95
60 44
110 16
140 211
277 358
126 359
262 84
178 281
250 146
153 92
284 335
357 129
259 261
9 273
308 211
320 90
240 23
247 298
103 329
81 236
45 15
375 287
390 34
26 333
203 259
9 93
58 322
399 195
11 9
155 200
245 228
179 90
360 347
128 322
112 261
128 239
37 66
165 180
270 272
67 31
353 72
187 190
306 314
263 241
192 298
21 66
88 159
111 107
81 41
163 66
174 99
54 124
346 80
388 337
96 393
391 279
221 90
87 27
146 72
256 86
225 272
223 349
146 140
47 357
256 395
343 330
294 332
124 396
